Accuracy: 0.9673

              precision    recall  f1-score   support

           A       0.91      0.99      0.95      3686
           B       0.98      1.00      0.99      4200
           C       0.96      0.97      0.97      3404
           D       0.98      0.97      0.98      4180
           E       0.99      0.97      0.98      3787
           F       0.98      0.99      0.99      5230
           G       0.96      0.98      0.97      4216
           H       0.97      0.97      0.97      4115
           I       0.97      0.95      0.96      4000
           J       0.98      0.96      0.97      3891
           K       0.99      0.99      0.99      4696
           L       0.99      1.00      0.99      4612
           M       0.83      0.87      0.85      2572
           N       0.85      0.79      0.82      2108
           O       0.97      0.98      0.98      3714
           P       1.00      0.96      0.98      3277
           Q       0.96      0.98      0.97      3435
           R       0.99      0.96      0.97      4248
           S       0.94      0.98      0.96      3972
           T       0.99      0.93      0.96      3816
           U       0.97      0.98      0.97      4224
           V       0.98      0.98      0.98      4279
           W       1.00      0.97      0.98      4248
           X       0.97      0.95      0.96      3726
           Y       0.99      0.99      0.99      4168
           Z       0.96      0.95      0.96      3773
         del       0.96      0.96      0.96      2477
       space       0.92      0.97      0.94      2394

    accuracy                           0.97    106448
   macro avg       0.96      0.96      0.96    106448
weighted avg       0.97      0.97      0.97    106448
